100, 0
200, 0
300, 0.02
400, 0.03
500, 0.06
600, 0.11
700, 0.16
800, 0.25
900, 0.35
1000, 0.48
2000, 3.8
3000, 12.78
4000, 30.29
5000, 59.04
6000, 101.97
7000, 161.85
8000, 241.39
9000, 343.62
100, 0
200, 0.01
300, 0.01
400, 0.03
500, 0.07
600, 0.1
700, 0.17
800, 0.24
900, 0.35
1000, 0.48
2000, 3.8
3000, 12.81
4000, 30.23
5000, 59.06
6000, 101.97
7000, 161.81
8000, 241.45
9000, 343.69
100, 0
200, 0.01
300, 0.02
400, 0.03
500, 0.06
600, 0.1
700, 0.17
800, 0.25
900, 0.35
1000, 0.48
2000, 3.79
3000, 12.81
4000, 30.3
5000, 59.13
6000, 101.94
7000, 161.82
8000, 241.43
9000, 343.62
100, 0
200, 0
300, 0.01
400, 0.04
500, 0.06
600, 0.1
700, 0.17
800, 0.25
900, 0.35
1000, 0.48
2000, 3.8
3000, 12.81
4000, 30.28
5000, 59.06
6000, 101.97
7000, 161.8
8000, 241.47
9000, 343.68
100, 0
200, 0.01
300, 0.01
400, 0.03
500, 0.06
600, 0.1
700, 0.17
800, 0.24
900, 0.36
1000, 0.48
2000, 3.8
3000, 12.8
4000, 30.3
5000, 59.07
6000, 101.98
7000, 161.83
8000, 241.36
9000, 343.68
100, 0
200, 0
300, 0.02
400, 0.03
500, 0.06
600, 0.12
700, 0.17
800, 0.26
900, 0.36
1000, 0.49
2000, 3.84
3000, 12.81
4000, 30.26
5000, 59.07
6000, 102.01
7000, 161.88
8000, 241.51
9000, 343.72
100, 0
200, 0.01
300, 0.02
400, 0.03
500, 0.06
600, 0.11
700, 0.16
800, 0.25
900, 0.35
1000, 0.48
2000, 3.81
3000, 12.79
4000, 30.26
5000, 59.06
6000, 101.94
7000, 161.89
8000, 241.42
9000, 343.77
100, 0
200, 0
300, 0.02
400, 0.03
500, 0.07
600, 0.1
700, 0.16
800, 0.24
900, 0.35
1000, 0.49
2000, 3.81
3000, 12.81
4000, 30.29
5000, 59.04
6000, 102.01
7000, 161.8
8000, 241.43
9000, 343.65
100, 0
200, 0.01
300, 0.02
400, 0.03
500, 0.06
600, 0.11
700, 0.16
800, 0.25
900, 0.35
1000, 0.47
2000, 3.8
3000, 12.79
4000, 30.29
5000, 59.07
6000, 101.95
7000, 161.86
8000, 241.39
9000, 343.65
100, 0
200, 0
300, 0.01
400, 0.03
500, 0.06
600, 0.1
700, 0.17
800, 0.24
900, 0.35
1000, 0.48
2000, 3.81
3000, 12.79
4000, 30.26
5000, 59.04
6000, 101.98
7000, 161.79
8000, 241.51
9000, 344.27
