100, 0
200, 0
300, 0
400, 0
500, 0
600, 0
700, 0
800, 0
900, 0
1000, 0.01
2000, 0.01
3000, 0.02
4000, 0.03
5000, 0.04
6000, 0.07
7000, 0.09
8000, 0.12
9000, 0.15
100, 0
200, 0
300, 0
400, 0
500, 0
600, 0
700, 0
800, 0
900, 0.01
1000, 0
2000, 0.01
3000, 0.02
4000, 0.03
5000, 0.05
6000, 0.07
7000, 0.09
8000, 0.12
9000, 0.15
100, 0
200, 0
300, 0
400, 0
500, 0
600, 0
700, 0
800, 0
900, 0
1000, 0
2000, 0.01
3000, 0.02
4000, 0.03
5000, 0.05
6000, 0.07
7000, 0.09
8000, 0.12
9000, 0.15
100, 0
200, 0
300, 0
400, 0
500, 0
600, 0
700, 0
800, 0
900, 0
1000, 0.01
2000, 0.01
3000, 0.02
4000, 0.03
5000, 0.05
6000, 0.07
7000, 0.09
8000, 0.12
9000, 0.15
100, 0
200, 0
300, 0
400, 0
500, 0
600, 0
700, 0
800, 0.01
900, 0
1000, 0
2000, 0.01
3000, 0.03
4000, 0.03
5000, 0.04
6000, 0.07
7000, 0.09
8000, 0.12
9000, 0.16
100, 0
200, 0
300, 0
400, 0
500, 0
600, 0
700, 0
800, 0
900, 0
1000, 0.01
2000, 0.01
3000, 0.02
4000, 0.03
5000, 0.05
6000, 0.06
7000, 0.09
8000, 0.12
9000, 0.15
100, 0
200, 0
300, 0
400, 0
500, 0
600, 0
700, 0
800, 0
900, 0
1000, 0
2000, 0.01
3000, 0.02
4000, 0.03
5000, 0.05
6000, 0.07
7000, 0.09
8000, 0.12
9000, 0.15
100, 0
200, 0
300, 0
400, 0
500, 0
600, 0
700, 0
800, 0
900, 0
1000, 0
2000, 0.02
3000, 0.02
4000, 0.03
5000, 0.04
6000, 0.07
7000, 0.09
8000, 0.12
9000, 0.16
100, 0
200, 0
300, 0
400, 0
500, 0
600, 0
700, 0
800, 0
900, 0
1000, 0.01
2000, 0.01
3000, 0.02
4000, 0.03
5000, 0.05
6000, 0.07
7000, 0.09
8000, 0.12
9000, 0.15
100, 0
200, 0
300, 0
400, 0
500, 0
600, 0
700, 0
800, 0
900, 0
1000, 0
2000, 0.01
3000, 0.03
4000, 0.03
5000, 0.04
6000, 0.07
7000, 0.09
8000, 0.12
9000, 0.15
